1 10
100 200
201 210
900 1000
1 999999
999999 1
36 327
548 1245
645 1141
283 718
740 1362
229 429
987 1248
557 571
873 1765
86 168
385 460
717 1059
817 982
446 795
708 770
655 1040
316 1114
561 768
4 757
45 726
197 889
9193 15267
899 7721
8986 14139
8096 13003
243 334
8631 18020
9607 17148
4726 7738
813 861
1050 8024
436 4390
7725 13850
9821 19328
4907 5160
3694 7210
9852 17088
9209 12639
4137 4645
3630 5793
29792 49135
31951 60981
40363 68794
7254 16870
6671 44186
27515 32760
11120 32431
38840 62945
1374 19121
19797 61916
31288 45207
35909 45364
47638 55861
13166 41829
507 28653
34151 49589
29452 31717
14541 22874
42781 74580
14948 58965
41438 85028
49229 69638
21527 36899
4425 47143
5845 39642
29456 47177
10638 52074
33837 36919
31396 74316
21941 25396
32677 79101
3808 6045
15404 34581
12998 35478
22603 71159
22313 37913
33242 49915
33042 63056
49734 91139
20502 70112
31077 17279
37760 5535
49440 39600
42155 18003
53009 26644
36572 5949
31575 19782
16148 10895
70063 30115
70931 39865
43620 26201
34960 32516
32298 21917
43119 26550
33576 19112
54491 24945
36918 26330
34719 19571
31078 25785
60557 31877
10000 19999
20000 29999
30000 39999
40000 49999
50000 59999
60000 69999
70000 79999
80000 89999
90000 99999
100000 109999
110000 119999
120000 129999
130000 139999
140000 149999
150000 159999
160000 169999
170000 179999
180000 189999
190000 199999
200000 209999
210000 219999
220000 229999
230000 239999
240000 249999
250000 259999
260000 269999
270000 279999
280000 289999
290000 299999
